股票名称,股票代码,入选价格
,000852,6.87
,002208,8.47
,002237,7.96
,003023,7.49
,003029,7.87
,300099,49.64
,301223,22.3
,600727,11.49
,603619,20.42
,688297,26.51
,688658,7.29
,000852,6.87
,000905,8.47
,002097,7.96
,002208,7.49
,002339,7.87
,002352,49.64
,002952,22.3
,003018,11.49
,003023,20.42
,003029,26.51
,300099,7.29
,300516,34.61
,300564,14.96
,300930,27.72
,300962,18.32
,301042,39.01
,301176,17.99
,301223,17.88
,301234,30.26
,600095,8.84
,600111,25.36
,600458,12.75
,600470,6.25
,600549,20.95
,600685,25.15
,600727,8
,600784,6.38
,601059,16.13
,601555,8.69
,603619,21.6
,605056,15.16
,605058,25.49
,688297,49.88
,688658,19.16
